48
64
42
47
46
50
34
47
48
59
35
46
52
38
38
34
59
39
48
44
42
36
58
52
39
36
62
62
35
51
35
64
44
44
39
47
58
56
43
38
59
47
40
34
36
35
50
47
38
64
38
44
32
38
64
63
54
60
64
64
56
47
59
58
59
52
59
36
39
54
44
52
34
35
46
51
52
32
35
34
50
52
64
63
42
43
50
46
56
48
55
36
46
43
47
36
63
47
46
62
50
47
38
58
42
35
36
38
54
44
32
36
40
42
38
52
46
63
39
36
51
44
40
46
38
59
55
55
50
63
60
42
62
58
46
40
32
40
46
34
60
34
46
43
40
51
36
44
46
51
35
56
32
34
64
39
59
36
42
38
63
38
32
59
38
48
56
40
42
59
40
58
62
44
39
38
42
54
43
35
40
35
50
66
51
63
66
42
51
39
56
38
60
60
56
43
35
58
44
38
54
36
52
54
43
52
54
32
42
52
59
62
47
59
38
60
52
36
44
34
39
59
56
60
46
62
47
48
62
50
51
66
63
51
63
43
55
42
43
64
66
64
56
52
50
55
62
51
39
44
54
58
60
42
60
63
66
64
55
51
54
66
55
59
60
43
32
63
58
63
56
39
48
62
60
64
60
42
50
58
35
54
35
47
55
56
64
46
44
51
60
66
46
59
63
66
46
54
64
36
48
56
63
43
64
39
63
66
60
50
63
55
58
43
56
66
52
47
60
60
60
52
64
59
34
66
51
62
34
47
52
55
48
52
54
39
52
66
46
47
39
59
64
39
46
62
66
54
62
56
42
44
63
34
48
63
66
47
51
39
43
52
63
50
66
51
66
60
46
55
36
51
58
34
60
50
47
51
52
52
51
54
59
48
62
35
38
60
66
32
62
43
44
62
55
58
40
58
62
44
