26
26
20
28
18
19
26
31
23
26
32
27
31
30
34
34
32
26
30
34
32
16
20
23
26
19
32
19
31
20
30
16
26
32
34
31
32
31
32
30
23
31
28
32
34
34
32
34
19
32
24
26
28
27
32
27
32
27
31
24
22
23
28
32
32
34
16
18
31
20
22
30
16
24
26
22
30
26
27
27
16
34
20
27
30
19
32
27
19
19
20
16
24
19
30
34
18
22
34
34
28
34
27
24
34
22
31
22
24
27
30
34
34
26
27
19
27
26
34
27
26
31
23
31
23
20
19
30
19
28
20
24
19
18
26
22
23
30
27
30
19
22
28
31
24
31
32
28
31
22
24
27
24
31
20
28
31
22
24
28
30
31
31
27
28
30
32
28
32
22
32
23
23
30
31
34
23
24
34
30
23
26
34
23
19
22
19
22
34
23
34
23
31
22
26
32
30
18
28
32
34
30
28
20
27
16
20
23
32
24
30
24
26
31
34
31
19
18
18
22
22
26
32
27
32
26
20
28
16
28
22
26
18
30
34
24
28
26
27
27
32
34
22
18
24
31
32
22
26
26
19
30
34
19
30
23
31
34
32
30
26
34
24
20
28
34
32
31
18
18
19
19
22
27
31
22
31
34
19
24
24
26
28
19
22
28
34
28
19
16
26
24
16
27
23
30
30
19
32
31
30
28
30
28
27
18
22
27
27
28
22
22
23
30
22
34
32
31
23
20
31
22
18
28
30
16
24
18
32
34
32
22
27
30
31
20
27
27
26
23
34
22
30
16
24
23
26
28
23
28
30
27
18
16
24
16
28
22
16
31
31
24
22
28
19
32
27
20
24
16
34
30
18
24
27
31
24
32
28
22
34
22
31
22
19
31
30
32
28
16
30
27
19
32
22
16
28
34
34
31
