122
119
70
70
110
116
120
74
102
78
79
86
66
118
82
96
119
90
67
130
83
86
98
64
114
87
108
68
80
88
110
128
106
71
82
71
128
86
111
90
107
118
71
76
126
107
67
100
126
102
122
115
126
92
88
66
75
106
66
84
83
116
78
103
88
127
127
122
111
66
90
126
107
114
94
112
96
92
68
127
67
128
114
72
67
71
74
114
110
99
124
79
68
96
92
100
71
130
108
79
110
88
119
100
91
107
123
130
70
108
111
127
98
90
103
120
76
124
130
84
118
95
106
130
74
124
111
66
124
130
128
127
84
94
111
127
79
100
128
98
126
114
110
120
103
120
87
112
115
119
128
82
124
74
96
128
68
94
123
119
127
71
91
128
114
71
99
103
106
116
119
130
70
88
94
99
118
90
130
83
115
67
70
88
123
123
124
122
120
119
116
128
115
114
120
86
104
79
108
70
108
98
127
104
115
130
92
99
88
103
127
90
112
68
108
99
124
120
124
66
104
130
96
99
122
128
122
70
64
116
124
76
91
118
124
90
104
112
75
78
114
84
91
111
84
126
84
71
84
96
102
127
110
102
108
78
106
123
99
107
87
110
79
110
111
98
106
80
130
90
120
124
66
70
82
122
111
128
87
115
106
122
91
126
87
92
98
111
90
95
70
114
78
116
114
79
86
88
94
122
106
72
87
88
102
103
128
92
120
122
107
91
110
115
74
64
123
116
122
122
90
70
75
83
92
70
80
99
76
76
88
102
95
84
82
90
126
67
115
90
126
100
103
76
95
91
66
68
80
118
99
116
68
130
71
96
74
68
75
126
92
119
100
87
98
80
96
74
110
83
96
112
115
82
67
112
124
124
94
116
70
99
83
98
92
122
118
98
124
115
112
70
104
96
120
102
103
112
128
87
